9.807 30.310
10.021 34.048
10.234 35.619
10.447 35.857
10.660 36.333
10.873 36.286
11.087 32.238
11.300 33.048
11.513 32.810
11.726 38.667
11.939 43.286
12.153 46.190
12.366 37.857
12.579 34.286
12.792 27.905
13.005 27.619
13.219 29.190
13.432 30.714
13.645 32.286
13.858 31.762
14.071 32.000
14.285 28.762
14.498 29.190
14.711 26.524
14.924 32.381
15.137 32.238
15.351 37.000
15.564 44.190
15.777 48.762
15.990 49.810
16.204 49.619
16.417 43.238
16.630 43.619
16.843 43.476
17.056 41.429
17.270 41.333
17.483 36.476
17.696 36.762
17.909 38.952
18.122 34.762
18.336 30.857
18.549 27.143
18.762 21.333
18.975 22.810
19.188 25.143
19.402 26.238
19.615 28.143
19.828 30.524
20.041 29.143
20.254 28.429
20.468 25.048
20.681 24.857
20.894 31.381
21.107 38.286
21.320 48.524
21.534 52.000
21.747 49.524
21.960 47.619
22.173 50.571
22.386 46.571
22.600 47.810
22.813 42.905
23.026 38.762
23.239 39.286
23.452 46.238
23.666 47.571
23.879 42.762
24.092 36.000
24.305 28.286
24.518 21.857
24.732 28.952
24.945 31.714
25.158 30.429
25.371 29.429
25.584 27.333
25.798 24.952
26.011 29.000
26.224 29.857
26.437 25.762
26.651 27.714
26.864 31.429
27.077 28.857
27.290 32.476
27.503 37.190
27.717 32.762
27.930 35.952
28.143 36.619
28.356 26.905
28.569 27.810
28.783 28.571
28.996 28.429
29.209 30.238
29.422 31.238
29.635 28.095
29.849 29.000
30.062 31.190
30.275 31.857
30.488 28.810
30.701 24.143
30.915 27.952
31.128 32.619
31.341 36.333
31.554 35.952
31.767 33.714
31.981 26.381
32.194 29.238
32.407 26.905
32.620 22.762
32.833 25.190
33.047 28.000
33.260 25.429
33.473 30.190
33.686 27.143
33.899 27.143
34.113 33.667
34.326 38.810
34.539 42.619
34.752 51.952
34.965 49.762
35.179 49.429
35.392 48.238
35.605 46.190
35.818 41.714
36.031 38.333
36.245 29.571
36.458 24.905
36.671 24.952
36.884 29.238
37.098 30.905
37.311 32.333
37.524 30.381
37.737 30.286
37.950 28.048
38.164 31.714
38.377 29.952
38.590 29.095
38.803 31.238
39.016 31.714
39.230 28.524
39.443 31.190
39.656 25.571
39.869 22.667
40.082 23.714
40.296 23.857
40.509 23.333
40.722 25.952
40.935 22.000
41.148 21.190
41.362 22.762
41.575 24.000
41.788 26.429
42.001 27.952
42.214 27.524
42.428 28.905
42.641 32.333
42.854 29.190
43.067 29.524
43.280 28.810
43.494 26.143
43.707 24.619
43.920 26.952
44.133 28.429
44.346 29.810
44.560 31.381
44.773 31.286
44.986 31.000
45.199 30.143
45.412 31.048
45.626 30.333
45.839 30.714
46.052 32.476
46.265 30.238
46.478 26.381
46.692 26.619
46.905 30.381
47.118 30.619
47.331 32.810
47.545 31.143
47.758 27.571
47.971 22.667
48.184 25.619
48.397 29.286
48.611 38.095
48.824 47.619
49.037 55.619
49.250 50.476
49.463 45.619
49.677 38.952
49.890 30.095
50.103 27.429
50.316 31.429
50.529 29.762
50.743 30.143
50.956 32.810
51.169 30.619
51.382 35.000
51.595 36.667
51.809 33.857
52.022 32.143
52.235 31.000
52.448 30.857
52.661 30.762
52.875 29.476
53.088 26.952
53.301 24.048
53.514 22.810
53.727 25.714
53.941 26.333
54.154 30.095
54.367 31.286
54.580 29.190
54.793 25.333
55.007 23.667
55.220 25.524
55.433 34.952
55.646 38.619
55.859 40.810
56.073 38.429
56.286 33.381
56.499 28.762
56.712 31.238
56.925 26.667
57.139 26.381
57.352 28.238
57.565 26.333
57.778 23.429
57.992 24.238
58.205 21.524
58.418 23.762
58.631 28.381
58.844 32.476
59.058 32.857
59.271 34.143
59.484 31.476
59.697 30.714
59.910 30.667
60.124 33.381
60.337 31.381
60.550 33.714
60.763 34.524
60.976 32.333
61.190 31.619
61.403 31.857
61.616 30.238
61.829 33.952
62.042 35.143
62.256 31.095
62.469 25.619
62.682 25.476
62.895 26.238
63.108 26.095
63.322 28.190
63.535 27.429
63.748 28.381
63.961 36.952
64.174 42.095
64.388 41.048
64.601 51.810
64.814 56.524
65.027 64.857
65.240 68.857
65.454 64.905
65.667 63.810
65.880 68.095
66.093 67.429
66.306 65.333
66.520 54.762
66.733 43.571
66.946 42.381
67.159 41.524
67.372 45.905
67.586 47.905
67.799 49.714
68.012 50.714
68.225 53.381
68.439 49.619
68.652 51.190
68.865 50.952
69.078 61.095
69.291 62.952
69.505 61.952
69.718 57.238
69.931 59.810
70.144 58.286
70.357 65.810
70.571 61.571
70.784 58.286
70.997 61.905
71.210 63.857
71.423 57.524
71.637 54.190
71.850 47.810
72.063 52.714
72.276 54.333
72.489 51.667
72.703 55.810
72.916 55.762
73.129 49.571
73.342 48.619
73.555 37.952
73.769 35.190
73.982 44.857
74.195 52.524
74.408 53.905
74.621 50.143
74.835 39.381
75.048 36.238
75.261 36.095
75.474 35.619
75.687 34.619
75.901 31.667
76.114 22.905
76.327 24.286
76.540 28.524
76.753 28.238
76.967 27.381
77.180 27.000
77.393 22.857
77.606 24.333
77.819 26.095
78.033 24.476
78.246 21.714
78.459 24.762
78.672 26.714
78.886 28.571
79.099 27.476
79.312 24.095
79.525 24.810
79.738 29.190
79.952 30.000
80.165 32.667
80.378 28.714
80.591 23.762
80.804 22.571
81.018 24.429
81.231 25.381
81.444 28.524
81.657 30.333
81.870 30.762
82.084 28.429
82.297 26.857
82.510 26.524
82.723 26.714
82.936 31.048
83.150 36.810
83.363 38.905
83.576 36.048
83.789 31.143
84.002 26.238
84.216 23.048
84.429 23.714
84.642 27.762
84.855 31.286
85.068 28.714
85.282 35.048
85.495 35.333
85.708 34.810
85.921 33.857
86.134 30.048
86.348 24.762
86.561 29.286
86.774 27.571
86.987 30.429
87.200 32.000
87.414 33.762
87.627 37.476
87.840 37.571
88.053 37.524
88.266 43.857
88.480 43.810
88.693 42.524
88.906 43.810
89.119 38.000
89.333 34.571
89.546 36.381
89.759 33.238
89.972 29.524
90.185 32.762
90.399 31.857
90.612 28.714
90.825 26.286
91.038 26.762
91.251 25.095
91.465 25.000
91.678 25.714
91.891 27.667
92.104 30.762
92.317 36.143
92.531 37.048
92.744 35.143
92.957 34.381
93.170 37.286
93.383 38.333
93.597 42.429
93.810 41.095
94.023 39.571
94.236 38.381
94.449 41.190
94.663 38.571
94.876 41.048
95.089 35.810
95.302 32.476
95.515 32.048
95.729 34.048
95.942 31.286
96.155 33.762
96.368 35.190
96.581 36.143
96.795 35.905
97.008 30.952
97.221 27.333
97.434 24.571
97.647 27.619
97.861 29.810
98.074 28.333
98.287 24.810
98.500 26.524
98.713 24.381
98.927 26.714
99.140 32.381
99.353 30.048
99.566 31.857
99.780 30.571
99.993 26.381
100.206 23.762
100.419 24.476
100.632 21.333
100.846 25.667
101.059 27.000
101.272 29.143
101.485 29.381
101.698 28.333
101.912 29.571
102.125 26.810
102.338 29.381
102.551 31.048
102.764 31.571
102.978 29.476
103.191 28.524
103.404 25.381
103.617 27.619
103.830 31.048
104.044 36.143
104.257 33.762
104.470 35.571
104.683 35.619
104.896 34.095
105.110 32.952
105.323 31.429
105.536 27.333
105.749 30.381
105.962 28.667
106.176 30.286
106.389 31.190
106.602 31.524
106.815 30.810
107.028 30.476
107.242 25.571
107.455 23.905
107.668 25.190
107.881 26.714
108.094 29.048
108.308 32.524
108.521 30.762
108.734 28.810
108.947 29.857
109.160 29.095
109.374 29.190
109.587 31.476
109.800 30.476
110.013 30.333
110.227 31.190
110.440 32.571
110.653 31.429
110.866 30.667
111.079 30.143
111.293 28.381
111.506 27.905
111.719 31.905
111.932 31.190
112.145 28.476
112.359 26.190
112.572 32.524
112.785 35.762
112.998 41.571
113.211 38.143
113.425 34.190
113.638 30.000
113.851 32.762
114.064 32.333
114.277 31.619
114.491 25.048
114.704 26.952
114.917 32.905
115.130 32.714
115.343 35.762
115.557 37.571
115.770 34.905
115.983 38.381
116.196 45.905
116.409 46.286
116.623 47.048
116.836 50.571
117.049 49.429
117.262 47.762
117.475 42.952
117.689 39.714
117.902 35.905
118.115 37.048
118.328 32.238
118.541 28.429
118.755 26.000
118.968 26.905
119.181 30.333
119.394 35.571
119.607 34.714
119.821 37.619
120.034 38.095
120.247 38.524
120.460 39.857
120.674 39.000
120.887 34.643
121.100 25.286
